username,quiz_title,score,total_questions,start_time,submitted_at
testuser1,Solving Linear Equations,4,5,2025-07-29T10:00:00Z,2025-07-29T10:12:00Z
jane.doe,Solving Linear Equations,5,5,2025-07-29T11:00:00Z,2025-07-29T11:10:00Z
john.smith,Newton's Laws,8,10,2025-07-29T12:00:00Z,2025-07-29T12:18:00Z
alice,Newton's Laws,10,10,2025-07-29T13:00:00Z,2025-07-29T13:15:00Z
bob,Python Basics,9,10,2025-07-29T14:00:00Z,2025-07-29T14:25:00Z
charlie,Python Basics,7,10,2025-07-29T15:00:00Z,2025-07-29T15:22:00Z
diana,Identifying Shapes,3,5,2025-07-30T09:00:00Z,2025-07-30T09:08:00Z
frank,The Roman Empire,6,8,2025-07-30T10:00:00Z,2025-07-30T10:19:00Z
grace,The Roman Empire,8,8,2025-07-30T11:00:00Z,2025-07-30T11:14:00Z
heidi,The Roman Empire,5,8,2025-07-30T12:00:00Z,2025-07-30T12:16:00Z
testuser1,Newton's Laws,7,10,2025-07-30T13:00:00Z,2025-07-30T13:19:00Z
jane.doe,Python Basics,10,10,2025-07-30T14:00:00Z,2025-07-30T14:28:00Z
john.smith,Solving Linear Equations,3,5,2025-07-30T15:00:00Z,2025-07-30T15:11:00Z
alice,Identifying Shapes,5,5,2025-07-31T09:00:00Z,2025-07-31T09:09:00Z
bob,The Feudal System,4,6,2025-07-31T10:00:00Z,2025-07-31T10:12:00Z
charlie,The Feudal System,6,6,2025-07-31T11:00:00Z,2025-07-31T11:10:00Z
diana,Sorting Algorithms,8,10,2025-07-31T12:00:00Z,2025-07-31T12:29:00Z
frank,Sorting Algorithms,7,10,2025-07-31T13:00:00Z,2025-07-31T13:22:00Z
grace,Linked Lists,9,10,2025-07-31T14:00:00Z,2025-07-31T14:21:00Z
heidi,Linked Lists,10,10,2025-07-31T15:00:00Z,2025-07-31T15:19:00Z